     15099
3 3
   1   0   2   3   1   0.00000000
   2   0   2   5   1   0.00000000
   3   1   0   1   1   0.00000000
   1   0   2   3   2   0.00000000
   2   0   2   5   2   0.00000000
   3   1   0   1   2   0.00000000
0 0 0
0.000000e+00 0.000000e+00
0.000000e+00 0.000000e+00 0.000000e+00
8 8 10
30 30 98
  1   1   1   1   0   0 11   -1.8992000e+00
  1   1   2   2   0   0 11   -3.1025000e+00
  1   1   3   3   0   0 11   -1.0150000e+00
  2   2   2   2   0   0 11   -2.5597999e+00
  2   2   3   3   0   0 11   -1.5602000e+00
  3   3   3   3   0   0 11   -1.6913000e+00
  1   2   1   2   2   2 11   +6.5560001e-01
  1   2   1   3   2   2 11   -4.5600001e-02
  1   3   1   3   2   2 11   +5.1580000e-01
  1   1   1   1   4   4 11   -9.7400002e-02
  1   1   1   2   4   4 11   +5.0319999e-01
  1   1   1   3   4   4 11   +3.4940001e-01
  1   1   2   2   4   4 11   -1.2187001e+00
  1   1   2   3   4   4 11   -3.1729999e-01
  1   2   1   2   4   4 11   -1.5449999e-01
  1   2   1   3   4   4 11   -3.7130001e-01
  1   2   2   2   4   4 11   +2.1370000e-01
  1   2   2   3   4   4 11   +3.1470001e-01
  1   3   1   3   4   4 11   -3.0340001e-01
  1   3   2   2   4   4 11   +8.8660002e-01
  1   3   2   3   4   4 11   +1.6131001e+00
  2   2   2   2   4   4 11   -1.0007000e+00
  2   2   2   3   4   4 11   -9.3169999e-01
  2   3   2   3   4   4 11   -9.4050002e-01
  1   2   1   2   6   6 11   +7.6730001e-01
  1   2   2   3   6   6 11   -5.5250001e-01
  2   3   2   3   6   6 11   +6.8409997e-01
  1   2   1   2   8   8 11   -1.4447000e+00
  1   2   2   2   8   8 11   +1.3349000e+00
  2   2   2   2   8   8 11   -2.0690000e-01
  1   1   1   1   0   0 22   -1.8992000e+00
  1   1   2   2   0   0 22   -3.1025000e+00
  1   1   3   3   0   0 22   -1.0150000e+00
  2   2   2   2   0   0 22   -2.5597999e+00
  2   2   3   3   0   0 22   -1.5602000e+00
  3   3   3   3   0   0 22   -1.6913000e+00
  1   2   1   2   2   2 22   +6.5560001e-01
  1   2   1   3   2   2 22   -4.5600001e-02
  1   3   1   3   2   2 22   +5.1580000e-01
  1   1   1   1   4   4 22   -9.7400002e-02
  1   1   1   2   4   4 22   +5.0319999e-01
  1   1   1   3   4   4 22   +3.4940001e-01
  1   1   2   2   4   4 22   -1.2187001e+00
  1   1   2   3   4   4 22   -3.1729999e-01
  1   2   1   2   4   4 22   -1.5449999e-01
  1   2   1   3   4   4 22   -3.7130001e-01
  1   2   2   2   4   4 22   +2.1370000e-01
  1   2   2   3   4   4 22   +3.1470001e-01
  1   3   1   3   4   4 22   -3.0340001e-01
  1   3   2   2   4   4 22   +8.8660002e-01
  1   3   2   3   4   4 22   +1.6131001e+00
  2   2   2   2   4   4 22   -1.0007000e+00
  2   2   2   3   4   4 22   -9.3169999e-01
  2   3   2   3   4   4 22   -9.4050002e-01
  1   2   1   2   6   6 22   +7.6730001e-01
  1   2   2   3   6   6 22   -5.5250001e-01
  2   3   2   3   6   6 22   +6.8409997e-01
  1   2   1   2   8   8 22   -1.4447000e+00
  1   2   2   2   8   8 22   +1.3349000e+00
  2   2   2   2   8   8 22   -2.0690000e-01
  1   1   1   1   0   0 12   -1.8991998e+00
  1   1   2   2   0   0 12   -3.1024997e+00
  1   1   3   3   0   0 12   -1.0149999e+00
  2   2   2   2   0   0 12   -2.5597997e+00
  2   2   3   3   0   0 12   -1.5601999e+00
  3   3   3   3   0   0 12   -1.6912999e+00
  1   1   1   1   2   2 12   -1.6581999e+00
  1   1   1   2   2   2 12   -1.3590591e-01
  1   1   1   3   2   2 12   -6.0054582e-01
  1   1   2   1   2   2 12   +1.3590591e-01
  1   1   2   2   2   2 12   +1.6646999e+00
  1   1   3   1   2   2 12   +6.0054582e-01
  1   1   3   3   2   2 12   +1.5740000e-01
  1   2   1   2   2   2 12   -2.6771500e+00
  1   2   1   3   2   2 12   -8.3434999e-01
  1   2   2   1   2   2 12   +3.3327501e+00
  1   2   2   2   2   2 12   -2.4739544e+00
  1   2   3   1   2   2 12   +7.8874999e-01
  1   2   3   3   2   2 12   -1.4301941e+00
  1   3   1   3   2   2 12   -1.7651000e+00
  1   3   2   1   2   2 12   +7.8874999e-01
  1   3   2   2   2   2 12   +1.9233299e-02
  1   3   3   1   2   2 12   +2.2809000e+00
  1   3   3   3   2   2 12   -6.5060890e-01
  2   1   2   1   2   2 12   -2.6771500e+00
  2   1   2   2   2   2 12   +2.4739544e+00
  2   1   3   1   2   2 12   -8.3434999e-01
  2   1   3   3   2   2 12   +1.4301941e+00
  2   2   2   2   2   2 12   -1.3795999e+00
  2   2   3   1   2   2 12   -1.9233299e-02
  2   2   3   3   2   2 12   -5.3439993e-01
  3   1   3   1   2   2 12   -1.7651000e+00
  3   1   3   3   2   2 12   +6.5060890e-01
  3   3   3   3   2   2 12   -3.7092998e+00
  1   1   1   1   4   4 12   -9.7400002e-02
  1   1   1   2   4   4 12   +3.5581610e-01
  1   1   1   3   4   4 12   +2.4706310e-01
  1   1   2   1   4   4 12   -3.5581610e-01
  1   1   2   2   4   4 12   -1.2186999e+00
  1   1   2   3   4   4 12   -2.2436500e-01
  1   1   3   1   4   4 12   -2.4706310e-01
  1   1   3   2   4   4 12   -2.2436500e-01
  1   2   1   2   4   4 12   -2.1831000e+00
  1   2   1   3   4   4 12   -4.0709999e-01
  1   2   2   1   4   4 12   -2.0286000e+00
  1   2   2   2   4   4 12   +1.5110870e-01
  1   2   2   3   4   4 12   -1.6585000e-01
  1   2   3   1   4   4 12   -3.5799999e-02
  1   2   3   2   4   4 12   +4.8054999e-01
  1   3   1   3   4   4 12   -1.0769000e+00
  1   3   2   1   4   4 12   -3.5799999e-02
  1   3   2   2   4   4 12   +6.2692088e-01
  1   3   2   3   4   4 12   -4.4894990e-01
  1   3   3   1   4   4 12   -7.7350003e-01
  1   3   3   2   4   4 12   +2.0620499e+00
  2   1   2   1   4   4 12   -2.1831000e+00
  2   1   2   2   4   4 12   -1.5110870e-01
  2   1   2   3   4   4 12   -4.8054999e-01
  2   1   3   1   4   4 12   -4.0709999e-01
  2   1   3   2   4   4 12   +1.6585000e-01
  2   2   2   2   4   4 12   -1.0006999e+00
  2   2   2   3   4   4 12   -6.5881139e-01
  2   2   3   1   4   4 12   -6.2692088e-01
  2   2   3   2   4   4 12   -6.5881139e-01
  2   3   2   3   4   4 12   -6.2795001e-01
  2   3   3   1   4   4 12   -2.0620499e+00
  2   3   3   2   4   4 12   -3.1255001e-01
  3   1   3   1   4   4 12   -1.0769000e+00
  3   1   3   2   4   4 12   +4.4894990e-01
  3   2   3   2   4   4 12   -6.2795001e-01
  1   1   1   1   6   6 12   -2.9659998e+00
  1   1   1   2   6   6 12   -1.0111626e+00
  1   1   2   1   6   6 12   +1.0111626e+00
  1   1   2   2   6   6 12   +1.1791999e+00
  1   1   2   3   6   6 12   +6.8447903e-02
  1   1   3   2   6   6 12   +6.8447903e-02
  1   2   1   2   6   6 12   -2.2255000e-01
  1   2   2   1   6   6 12   +9.8984998e-01
  1   2   2   2   6   6 12   -1.6335580e+00
  1   2   2   3   6   6 12   -9.0254998e-01
  1   2   3   2   6   6 12   -3.5005000e-01
  2   1   2   1   6   6 12   -2.2255000e-01
  2   1   2   2   6   6 12   +1.6335580e+00
  2   1   2   3   6   6 12   +3.5005000e-01
  2   1   3   2   6   6 12   +9.0254998e-01
  2   2   2   2   6   6 12   -1.6650999e+00
  2   2   2   3   6   6 12   -8.6033678e-01
  2   2   3   2   6   6 12   -8.6033678e-01
  2   3   2   3   6   6 12   -1.7491001e+00
  2   3   3   2   6   6 12   -2.4332001e+00
  3   2   3   2   6   6 12   -1.7491001e+00
  1   2   1   2   8   8 12   -3.0317998e+00
  1   2   2   1   8   8 12   -1.5870999e+00
  1   2   2   2   8   8 12   +9.4391692e-01
  2   1   2   1   8   8 12   -3.0317998e+00
  2   1   2   2   8   8 12   -9.4391692e-01
  2   2   2   2   8   8 12   -2.0690000e-01
  2   2   2   2  10  10 12   -4.3204994e+00
