     15099
3 3
   1   0   2   3   1   0.00000000
   2   0   2   5   1   0.00000000
   3   1   0   1   1   0.00000000
   1   0   2   3   2   0.00000000
   2   0   2   5   2   0.00000000
   3   1   0   1   2   0.00000000
0 0 0
0.000000e+00 0.000000e+00
0.000000e+00 0.000000e+00 0.000000e+00
8 8 10
30 30 98
  1   1   1   1   0   0 11   -2.1845000e+00
  1   1   2   2   0   0 11   -3.1856000e+00
  1   1   3   3   0   0 11   -1.0835000e+00
  2   2   2   2   0   0 11   -2.8197000e+00
  2   2   3   3   0   0 11   -1.3247000e+00
  3   3   3   3   0   0 11   -2.1245999e+00
  1   2   1   2   2   2 11   +1.0334001e+00
  1   2   1   3   2   2 11   +1.8740000e-01
  1   3   1   3   2   2 11   +6.0659999e-01
  1   1   1   1   4   4 11   -6.6500001e-02
  1   1   1   2   4   4 11   +6.1489999e-01
  1   1   1   3   4   4 11   +5.1539999e-01
  1   1   2   2   4   4 11   -1.6221000e+00
  1   1   2   3   4   4 11   -4.0410000e-01
  1   2   1   2   4   4 11   -3.2480001e-01
  1   2   1   3   4   4 11   -5.2469999e-01
  1   2   2   2   4   4 11   +2.8279999e-01
  1   2   2   3   4   4 11   +4.7700000e-01
  1   3   1   3   4   4 11   -4.0640000e-01
  1   3   2   2   4   4 11   +6.1979997e-01
  1   3   2   3   4   4 11   +1.9410000e+00
  2   2   2   2   4   4 11   -1.0020000e+00
  2   2   2   3   4   4 11   -8.6159998e-01
  2   3   2   3   4   4 11   -8.1830001e-01
  1   2   1   2   6   6 11   +5.8939999e-01
  1   2   2   3   6   6 11   -6.7409998e-01
  2   3   2   3   6   6 11   +7.6260000e-01
  1   2   1   2   8   8 11   -1.4497000e+00
  1   2   2   2   8   8 11   +1.2363000e+00
  2   2   2   2   8   8 11   -1.6410001e-01
  1   1   1   1   0   0 22   -2.1845000e+00
  1   1   2   2   0   0 22   -3.1856000e+00
  1   1   3   3   0   0 22   -1.0835000e+00
  2   2   2   2   0   0 22   -2.8197000e+00
  2   2   3   3   0   0 22   -1.3247000e+00
  3   3   3   3   0   0 22   -2.1245999e+00
  1   2   1   2   2   2 22   +1.0334001e+00
  1   2   1   3   2   2 22   +1.8740000e-01
  1   3   1   3   2   2 22   +6.0659999e-01
  1   1   1   1   4   4 22   -6.6500001e-02
  1   1   1   2   4   4 22   +6.1489999e-01
  1   1   1   3   4   4 22   +5.1539999e-01
  1   1   2   2   4   4 22   -1.6221000e+00
  1   1   2   3   4   4 22   -4.0410000e-01
  1   2   1   2   4   4 22   -3.2480001e-01
  1   2   1   3   4   4 22   -5.2469999e-01
  1   2   2   2   4   4 22   +2.8279999e-01
  1   2   2   3   4   4 22   +4.7700000e-01
  1   3   1   3   4   4 22   -4.0640000e-01
  1   3   2   2   4   4 22   +6.1979997e-01
  1   3   2   3   4   4 22   +1.9410000e+00
  2   2   2   2   4   4 22   -1.0020000e+00
  2   2   2   3   4   4 22   -8.6159998e-01
  2   3   2   3   4   4 22   -8.1830001e-01
  1   2   1   2   6   6 22   +5.8939999e-01
  1   2   2   3   6   6 22   -6.7409998e-01
  2   3   2   3   6   6 22   +7.6260000e-01
  1   2   1   2   8   8 22   -1.4497000e+00
  1   2   2   2   8   8 22   +1.2363000e+00
  2   2   2   2   8   8 22   -1.6410001e-01
  1   1   1   1   0   0 12   -2.1844997e+00
  1   1   2   2   0   0 12   -3.1855998e+00
  1   1   3   3   0   0 12   -1.0834999e+00
  2   2   2   2   0   0 12   -2.8196998e+00
  2   2   3   3   0   0 12   -1.3246999e+00
  3   3   3   3   0   0 12   -2.1245997e+00
  1   1   1   1   2   2 12   -1.4150999e+00
  1   1   1   2   2   2 12   -3.9930320e-01
  1   1   1   3   2   2 12   -2.8164059e-01
  1   1   2   1   2   2 12   +3.9930320e-01
  1   1   2   2   2   2 12   +7.2210002e-01
  1   1   3   1   2   2 12   +2.8164059e-01
  1   1   3   3   2   2 12   +2.7500000e-02
  1   2   1   2   2   2 12   -2.7361999e+00
  1   2   1   3   2   2 12   -7.6029998e-01
  1   2   2   1   2   2 12   +3.7695999e+00
  1   2   2   2   2   2 12   -1.7985260e+00
  1   2   3   1   2   2 12   +9.4770002e-01
  1   2   3   3   2   2 12   -1.4878939e+00
  1   3   1   3   2   2 12   -1.8432001e+00
  1   3   2   1   2   2 12   +9.4770002e-01
  1   3   2   2   2   2 12   +7.7965587e-01
  1   3   3   1   2   2 12   +2.4498000e+00
  1   3   3   3   2   2 12   -8.8395423e-01
  2   1   2   1   2   2 12   -2.7361999e+00
  2   1   2   2   2   2 12   +1.7985260e+00
  2   1   3   1   2   2 12   -7.6029998e-01
  2   1   3   3   2   2 12   +1.4878939e+00
  2   2   2   2   2   2 12   -1.6320999e+00
  2   2   3   1   2   2 12   -7.7965587e-01
  2   2   3   3   2   2 12   -1.1755999e+00
  3   1   3   1   2   2 12   -1.8432001e+00
  3   1   3   3   2   2 12   +8.8395423e-01
  3   3   3   3   2   2 12   -3.2627997e+00
  1   1   1   1   4   4 12   -6.6500001e-02
  1   1   1   2   4   4 12   +4.3479991e-01
  1   1   1   3   4   4 12   +3.6444280e-01
  1   1   2   1   4   4 12   -4.3479991e-01
  1   1   2   2   4   4 12   -1.6220999e+00
  1   1   2   3   4   4 12   -2.8574181e-01
  1   1   3   1   4   4 12   -3.6444280e-01
  1   1   3   2   4   4 12   -2.8574181e-01
  1   2   1   2   4   4 12   -2.0750499e+00
  1   2   1   3   4   4 12   -1.2075000e-01
  1   2   2   1   4   4 12   -1.7502500e+00
  1   2   2   2   4   4 12   +1.9996980e-01
  1   2   2   3   4   4 12   +1.9010000e-01
  1   2   3   1   4   4 12   +4.0395001e-01
  1   2   3   2   4   4 12   +2.8690001e-01
  1   3   1   3   4   4 12   -1.1129000e+00
  1   3   2   1   4   4 12   +4.0395001e-01
  1   3   2   2   4   4 12   +4.3826479e-01
  1   3   2   3   4   4 12   -6.2700003e-02
  1   3   3   1   4   4 12   -7.0649999e-01
  1   3   3   2   4   4 12   +2.0037000e+00
  2   1   2   1   4   4 12   -2.0750499e+00
  2   1   2   2   4   4 12   -1.9996980e-01
  2   1   2   3   4   4 12   -2.8690001e-01
  2   1   3   1   4   4 12   -1.2075000e-01
  2   1   3   2   4   4 12   -1.9010000e-01
  2   2   2   2   4   4 12   -1.0019999e+00
  2   2   2   3   4   4 12   -6.0924321e-01
  2   2   3   1   4   4 12   -4.3826479e-01
  2   2   3   2   4   4 12   -6.0924321e-01
  2   3   2   3   4   4 12   -1.1328499e+00
  2   3   3   1   4   4 12   -2.0037000e+00
  2   3   3   2   4   4 12   +3.1455001e-01
  3   1   3   1   4   4 12   -1.1129000e+00
  3   1   3   2   4   4 12   +6.2700003e-02
  3   2   3   2   4   4 12   -1.1328499e+00
  1   1   1   1   6   6 12   -2.8841999e+00
  1   1   1   2   6   6 12   -1.4380430e+00
  1   1   2   1   6   6 12   +1.4380430e+00
  1   1   2   2   6   6 12   +1.8948998e+00
  1   1   2   3   6   6 12   +1.3343100e-01
  1   1   3   2   6   6 12   +1.3343100e-01
  1   2   1   2   6   6 12   +2.5850000e-02
  1   2   2   1   6   6 12   +5.6355000e-01
  1   2   2   2   6   6 12   -1.5709084e+00
  1   2   2   3   6   6 12   -9.3865001e-01
  1   2   3   2   6   6 12   -2.6455000e-01
  2   1   2   1   6   6 12   +2.5850000e-02
  2   1   2   2   6   6 12   +1.5709084e+00
  2   1   2   3   6   6 12   +2.6455000e-01
  2   1   3   2   6   6 12   +9.3865001e-01
  2   2   2   2   6   6 12   -1.5011998e+00
  2   2   2   3   6   6 12   -8.7822658e-01
  2   2   3   2   6   6 12   -8.7822658e-01
  2   3   2   3   6   6 12   -1.5486001e+00
  2   3   3   2   6   6 12   -2.3112001e+00
  3   2   3   2   6   6 12   -1.5486001e+00
  1   2   1   2   8   8 12   -2.9779499e+00
  1   2   2   1   8   8 12   -1.5282500e+00
  1   2   2   2   8   8 12   +8.7419611e-01
  2   1   2   1   8   8 12   -2.9779499e+00
  2   1   2   2   8   8 12   -8.7419611e-01
  2   2   2   2   8   8 12   -1.6410001e-01
  2   2   2   2  10  10 12   -4.2255993e+00
